19
20 2
-4,7157348774843565E+17 -4,2419785784919814E+17 : -8,957713455976338E+17
-5,1341707236474765E+17 -4,618377155174479E+17 : -9,752547878821955E+17
-3,992634452229581E+17 -3,591522903243013E+17 : -7,584157355472594E+17
-5,821046252492262E+17 -5,236247191372161E+17 : -1,1057293443864424E+18
-4,2076682293520474E+17 -3,784953768188568E+17 : -7,992621997540616E+17
-5,843841775555378E+17 -5,256752610576483E+17 : -1,110059438613186E+18
-4,8480478689296755E+17 -4,36099902598301E+17 : -9,209046894912686E+17
-5,982822918365514E+17 -5,3817713077534195E+17 : -1,1364594226118934E+18
-3,794373731608926E+17 -3,413180025265563E+17 : -7,207553756874488E+17
-5,58809699738308E+17 -5,0267006889241786E+17 : -1,0614797686307259E+18
-7,085404737479908E+17 -6,373584583781573E+17 : -1,345898932126148E+18
-7,698257438432119E+17 -6,924868338435114E+17 : -1,4623125776867233E+18
-7,823745061425783E+17 -7,037749113634454E+17 : -1,4861494175060237E+18
-8,256269652589062E+17 -7,426821039443057E+17 : -1,5683090692032118E+18
-7,474904203673097E+17 -6,723953812512891E+17 : -1,419885801618599E+18
-9,103163153408563E+17 -8,188633181574518E+17 : -1,729179633498308E+18
-5,969314712336964E+17 -5,369620174982882E+17 : -1,1338934887319846E+18
-9,65382272453094E+17 -8,683971907230104E+17 : -1,8337794631761044E+18
-7,483664812195978E+17 -6,731834305088088E+17 : -1,4215499117284065E+18
0,9037175553636845 1,2432106228430544 : 6,146928178206739
